----------------------------------------------------------------------------------------------------------------------------------------
N:	1
EPSILON:	1
ITERATIONS:	100

BEST_FIT:	4100
AVG_FIT:	4100
WORST_FIT:	4100

STDEV:	0

85,,,,,,,,,,,,,,,,,,,,,,,,,,,,,,89,,
,,,,,,,,,,,,,,,,,,,,,,,,,,,,,92,,,
,,,,,,,,,,,,,,,,,,,,,,,,,,,,,,,85,
,,,,,,,,,,,,,,,,,,,,,,,,,,,,93,,,,
,,,,,,,,,,,,,,,,,,,,,,,,,,,95,,,,,
,,,,,,,,,,,,,,,,,,,,,,,,,,107,,,,,,
,,,,,,,,,,,,,,,,,,,,,,,,,93,,,,,,,
,93,,,,,,,,,,,,,,,,,,,,,,,,,,,,,,,
,,,,,,,,,,,,,,,,,,,,,,,,78,,,,,,,,
,,,,,,,,,,,,,,,,,,,,,,,85,,,,,,,,,
,,,,,,,,,,,,,,,,,,,,,,82,,,,,,,,,,
,,107,,,,,,,,,,,,,,,,,,,,,,,,,,,,,,
,,,,,,,,,,,,,,,,,,,,,102,,,,,,,,,,,
,,,,,,,,,,,,,,,,,,,,98,,,,,,,,,,,,
,,,103,,,,,,,,,,,,,,,,,,,,,,,,,,,,,
,,,,,,,,,,,,,,,,,,,90,,,,,,,,,,,,,
,,,,,,,,,,,,,,,,,,83,,,,,,,,,,,,,,
,,,,104,,,,,,,,,,,,,,,,,,,,,,,,,,,,
,,,,,,,,,,,,,,,,,198,,,,,,,,,,,,,,,
,,,,,206,,,,,,,,,,,,,,,,,,,,,,,,,,,
,,,,,,,,,,,,,,,,460,,,,,,,,,,,,,,,,
,,,,,,,,,,,,,,,196,,,,,,,,,,,,,,,,,
,,,,,,184,,,,,,,,,,,,,,,,,,,,,,,,,,
,,,,,,,,,,,,,,175,,,,,,,,,,,,,,,,,,
,,,,,,,290,,,,,,,,,,,,,,,,,,,,,,,,,
,,,,,,,,,,,,,289,,,,,,,,,,,,,,,,,,,
,,,,,,,,247,,,,,,,,,,,,,,,,,,,,,,,,
,,,,,,,,,,,,276,,,,,,,,,,,,,,,,,,,,
,,,,,,,,,459,,,,,,,,,,,,,,,,,,,,,,,
,,,,,,,,,,,675,,,,,,,,,,,,,,,,,,,,,
,,,,,,,,,,1046,,,,,,,,,,,,,,,,,,,,,,

AVG_TIME:	0.000435
TOTAL_TIME:	0.013044

